

birdlevel

200x100~0*64*5254*2*575V0*95*5I5457*2*5V0*95*53545V0*97*5Q555V0*4875*9z9S*2*9T0*96*9z9S0*98*9z9S*4*0*95*9z9y*3*9S0*95*9y9S*2*9y9S0*93*9y*3*9S*2*9y9S9T0*92*9y9S*4*9y*2*9S0*91*9y*2*9S*2*:?9S*2*9y*2*9S0*90*9y9S*3*:?9S*3*9y9S0*90*9y9S*7*9y9S0*89*9y*2*9S*7*9y9S0*89*9y9S*2*:?9S*2*:?*2*9S9y9T0*89*9y9S*2*:?9S*2*:?*2*9S9y9S0*89*9y9S*8*9y9S0*89*9y*10*9S0*95*9S*3*9y9S0*95*9S:?9S9y9S0*95*9S:?9S9y9S0*95*9S:?9S9y9T0*95*9S:?9S9y9S0*95*9S:?9S9y9S0*95*9S*3*9y9S0*83*9y*6*0*6*9S*2*9y*2*9S0*82*9y3<9y*6*0*5*9S*2*9y9S*2*0*81*9y*2*3<9y*6*0*5*9S*2*9y9T0*80*9y*2*3<*2*9y*8*0*3*9S*3*9y9S0*79*9y*2*3<*2*9y*9*0*3*9S:?9S9y9S0*78*9y*2*3<*2*9y*10*0*3*9S*3*9y9S0*76*9y*4*3<*2*9y*10*0*3*9S*2*9y*2*9S0*74*9y*4*3<*4*9y*9*0*4*9S*2*9y9S0*75*9y3<*4*9y*3*:8*4*9W*10*9y*2*9T0*75*9y3<*3*9y0*2*:89y:8*2*9W*11*9y9S0*75*9y3<*3*9y0*3*:80*12*9S:?9y9S0*75*9y3<*3*9y0*16*9S:?9y9S0*73*9y*3*3<*2*9y0*17*9S:?9y9S0*73*9y*2*3<*2*9y*2*0*17*9S9y*2*9S0*74*9y3<*2*9y0*17*9S9y*2*9S*2*0*74*9y*4*0*17*9y*2*9S9T0*96*9y9S*2*0*97*9y9S0*97*9z9y9S0*97*9z9S9T0*88*:O*10*9S0*98*9z9S0*98*9z9S0*8787*3A0*99*3A0*99*3A0*99*3A0*99*3A0*2*3A*2*0*99*3A0*97*3A03A0*99*3A0*300*3A0*99*3A0*99*3A0*99*3A0*99*3A0*99*3A0*65*~1,64,2024,0,0,Right|68,184,1968,1|68,160,2040,1|68,136,2024,1|68,144,2000,1|68,272,2032,1|68,304,2080,1|68,272,2112,1|68,200,2096,1|68,216,2064,1|68,256,2056,1|68,320,1952,1|68,344,2000,1|68,280,2008,1|68,216,1992,1|68,64,2056,1|68,104,2072,1|68,152,2112,1|68,96,1936,1|68,24,1952,1|68,32,2048,1|73,64,2040,The%20birds%20are%20leaving%20you%2E%2E%2E%0DStop%20reading%20and%20ride%20on%20them%21|82,64,2032|109,-24,2048,1,0|6,67,2063|6,2,2036|6,2,2130|58,-8,2008,1|75,424,2024|77,112,2112|57,401,2014,1|69,307,2029,1|2,16,2016|2,336,1896|2,464,2064|2,584,2016|2,696,1912|2,728,1944|2,712,2048|2,784,2016|2,840,1880|2,896,1896|2,984,2000|2,1136,2016|2,1080,1976|2,1152,1920|2,1296,1944|2,1328,2000|2,1440,1848|2,1496,1856|2,1528,1848|2,1568,2000|2,1527,1955|2,1728,1928|2,1832,1928|2,1880,1912|2,1920,1824|2,2024,1736|2,2104,1744|2,2144,1800|2,2168,1872|2,2176,1928|2,2200,1976|2,2256,2048|4,2304,2064|2,2432,2008|2,2536,1856|2,2568,1840|28,3056,1256,1,45|28,3032,1232,1,45|35,3024,1264,1,285|71,2992,952,Right,0,9,0,0,1,0|71,3016,1016,Right,0,9,0,0,2,0|71,3016,1080,Right,0,9,0,0,3,0|71,3017,1145,Right,0,9,0,0,4,0|71,3016,1208,Right,20,3,100,0,1,0|45,2225,1584,180,100,100,6,9,0,0,1|45,1592,1456,245,100,100,6,9,0,0,0|45,1743,1496,265,100,100,6,9,0,0,1|45,2000,1584,180,100,100,6,9,0,0,0|45,2416,1552,180,100,100,6,9,0,0,0|45,2648,1504,145,100,100,2,9,0,0,1|45,2937,1375,215,100,100,6,9,0,0,1|45,2864,1448,155,100,100,6,90,0,0,0|43,1312,1375|2,282,1991|75,648,1984|75,720,2112|76,880,2128|75,1096,1864|75,1200,1968|75,1480,2040|75,1520,1960|75,1944,1840|75,1792,1976|75,2232,1976|75,2344,2056|75,2336,1784|75,2736,1800|68,1384,2112,1|68,1512,2128,1|68,1528,2056,1|68,1432,1984,1|68,1464,2080,1|68,1456,1912,1|68,1344,1856,1|68,1400,1816,1|68,1488,1808,1|68,1520,1856,1|68,1536,1904,1|68,1624,2112,1|68,1696,2008,1|117,2837,745,1,0|117,2878,805,1,0|117,2959,942,1,0|117,2920,873,1,0|117,2116,1229,1,0|117,2161,1280,1,0|117,2203,1338,1,0|141,1178,1875,1,90|141,1187,2052,1,90|2,2648,856|2,2656,848|2,2664,856|2,2664,864|2,2656,872|2,2648,864|2,2656,864|2,2656,856|40,2705,1344,2112,1565|42,2112,1544,1,180|32,1482,1380,1,0|32,1440,1424,1,0|32,1360,1384,1,0|32,1312,1400,1,0|32,1272,1432,1,0|32,1160,1360,1,0|32,1048,1352,1,0|32,976,1392,1,0|32,984,1416,1,0|32,1272,1408,1,0|32,1096,1384,1,0|32,1032,1384,1,0|32,1128,1424,1,0|31,1248,1392,1,0|31,1120,1368,1,0|31,1112,1368,1,0|31,1056,1360,1,0|31,968,1384,1,0|31,1040,1440,1,0|31,1072,1408,1,0|31,1208,1416,1,0|31,1496,1416,1,0|31,1424,1392,1,0|31,1360,1376,1,0|31,1392,1440,1,0|31,1552,1384,1,0|31,936,1344,1,0|31,864,1360,1,0|31,848,1408,1,0|31,928,1520,1,0|31,928,1464,1,0|31,784,1272,1,0|31,632,1328,1,0|31,768,1440,1,0|31,664,1592,1,0|31,352,1416,1,0|39,2032,1472,2352,1440,1|39,2352,1440,2032,1472,1|67,2034,1362,1|67,2064,1320,1|6,2032,1232|2,2800,1832|2,2880,1688|2,2928,1672|2,2976,1824|2,3040,1744|2,3104,1744|2,3144,1744|2,3208,1744|2,3280,1736|2,3296,1736|2,3280,1744|2,3224,1744|2,3168,1744|2,3088,1744|2,3320,1728|2,3376,1728|2,3416,1720|2,3488,1728|2,3536,1848|2,3408,1896|2,3272,1824|2,3472,1656|2,3504,1648|2,3728,1656|2,3792,1656|2,3864,1696|2,3840,1776|2,3664,1848|2,3600,1712|2,4064,1664|2,4008,1720|2,4024,1816|2,4072,1944|2,4168,2016|2,4280,1992|2,4304,1888|2,4328,1696|2,4224,2000|4,4176,1984|4,4080,1992|2,4312,1624|2,4384,1504|2,4544,1480|2,4608,1480|2,4720,1584|2,4720,1632|2,4744,1728|2,4792,1736|2,4832,1784|2,4952,1792|2,4992,1720|2,5024,1608|2,5120,1576|2,5168,1616|2,5200,1720|2,5208,1776|2,5280,1728|2,5312,1664|2,5384,1640|2,5504,1656|2,5592,1712|2,5616,1752|75,5576,1680|75,5288,1536|75,5240,1648|75,5024,1640|75,4968,1640|75,4408,1704|75,4152,1744|75,3544,1712|75,3400,1544|75,3256,1784|2,2840,1824|2,3024,1760|2,3072,1800|43,3488,1312|68,3560,1872,1|68,3624,1880,1|68,3688,1848,1|68,3712,1736,1|68,3592,1672,1|68,3616,1800,1|43,4640,1764|68,4736,1776,1|68,4808,1736,1|68,4768,1632,1|4,3634,1598|2,5672,1792|2,5776,1776|2,5832,1696|2,5832,1616|2,5888,1560|2,6000,1576|2,6024,1656|2,6032,1744|2,6080,1744|43,5792,1739|68,5872,1760,1|68,5984,1760,1|30,6264,1088,1,0|30,6200,1088,1,0|30,6328,1088,1,0|68,5904,1592,1|29,6384,1088,1,0|38,6176,3200,-90,2100,200|34,6304,1088,1,0|33,6201,1088,1,0|38,6176,1112,0,300,8|28,5936,900,1,0|39,5936,896,2576,1408,1|2,6344,1144|2,6336,1176|2,6320,1216|2,6280,1224|2,6216,1240|2,6216,1264|2,6232,1304|2,6248,1336|2,6280,1336|2,6312,1360|2,6312,1384|2,6328,1416|2,6344,1432|2,6328,1528|2,6296,1552|2,6232,1576|2,6208,1616|2,6240,1640|2,6320,1648|2,6344,1480|2,6144,1616|2,6112,1640|2,6008,1672|2,5976,1672|119,43,2101,1,0|119,90,2077,1,0|119,-21,2156,1,0|119,20,2162,1,0|119,0,2148,1,0|144,-8,2013,1,0|59,2440,1432,1~4~4~Goonie%20flight



big tower

210x30~03Q0*2*3Q*2*0*22*3K*2*3Q0*2*3Q0*2*3Q0*21*3K*2*03Q03Q0*2*3Q0*21*3K3<3Q0*3*3Q03Q0*21*3K*2*03Q0*4*3Q0*21*3K*2*0*7*3Q*3*0*18*3K*2*3Q*2*0*8*3Q*2*0*16*3K*2*0*12*3Q*2*0*14*3K*2*03Q0*12*3Q*2*0*12*3K3<3Q0*15*3Q0*11*3K*2*03Q0*15*3Q0*10*3K*2*0*18*3Q0*9*3K*2*3Q*2*0*16*3Q0*9*3K*2*3Q*2*0*26*3K*2*0*20*3Q0*7*3K3<3Q*2*0*18*3Q0*7*:c*2*:P*15*:Y*10*:^*3*:c*2*:P*15*:Y*10*:^*3*:c*2*:P*15*:Y*10*:^*3*:c*2*0*28*:c*2*0*28*:c*2*0*28*:c*2*0*28*:c*2*:P*15*:Y*10*:^*3*:c*2*:P*15*:Y*10*:^*3*:c*2*:P*15*:Y*10*:^*3*:c*2*0*25*9i0*2*:c*2*0*25*9i0*2*:c*2*0*25*9i0*2*:c*2*0*25*9i0*2*:c*2*0*25*9i0*2*:c*2*0*25*9i0*2*:c*2*0*25*9i0*2*:c*2*0*25*9i0*2*:c*2*0*25*9i0*2*:c*2*0*25*9i0*2*:c*2*0*25*9i0*2*:c*2*0*25*9i0*2*:c*2*0*25*9i0*2*:c*2*0*25*9i0*2*:c*2*0*25*9i0*2*:c*2*0*25*9i0*2*:c*2*0*25*9i0*2*:c*2*0*25*9i0*2*:c*2*0*10*:k*2*0*13*9i0*2*:c*2*0*11*:k0*13*9i0*2*:c*2*0*11*:k0*13*9i0*2*:c*2*0*11*:k0*13*9i0*2*:c*2*0*11*:k0*13*9i0*2*:c*2*0*11*:k0*13*9i0*2*:c*2*0*11*:k0*16*:c*2*0*11*:k0*16*:c*2*0*11*:k0*16*:c*2*0*11*:k0*16*:c*2*0*11*:k0*16*:c*2*0*11*:k0*16*:c*2*0*11*:k0*16*:c*2*0*11*:k0*16*:c*2*0*11*:k0*16*:c*2*0*11*9T0*16*:c*2*0*11*:k0*16*:c*2*0*11*:k0*16*:c*2*:P*15*:Y*10*:^*3*:c*2*:P*15*:Y*10*:^*3*:c*2*:P*15*:Y*10*:^*3*:c*2*0*28*:c*2*0*34*9F0*28*9F9>0*27*9F9>3m*7*4K*15*:P*4*09F9>3m*8*4K*15*:P*4*9F9>3m*9*4K*15*:P*4*9>0*24*920*3*:j0*25*920*3*:j0*25*920*3*:j0*25*920*3*:j0*25*920*3*:j0*25*920*3*:j0*13*7K0*15*:j0*14*7K0*13*96:j0*15*7K0*11*9692:j0*15*7K0*10*9692*2*:j0*15*7K0*9*9692*3*:j0*15*7K92*13*:j0*29*:j0*14*7K*2*92*11*0*2*:j0*14*92*13*0*2*:j92*27*0*2*:j0*26*920*2*:j0*26*920*2*:j92*27*0*2*:j92*27*0*2*:j92*27*0*2*:j0*19*3A0*4*3A03A0*2*:j0*23*3A*2*03A0*2*:j0*24*3A0*4*:j0*17*3A03A0*4*3A0*4*:j0*17*3A0*3*3A0*2*3A0*4*:j0*17*3A0*9*3A0:j0*17*3A0*6*3A*2*0*3*:j0*18*3A03A03A0*3*3A0*2*:j0*14*3A0*2*3A0*4*3A0*6*:j0*14*3A*2*0*4*3A0*8*:j0*19*3A*4*0*2*3A0*3*:j0*15*3A03A*2*0*6*3A0*3*:j0*15*3A0*13*:j0*15*3A*11*03A0:j3m*11*4K*15*:P*4*3m*11*4K*15*:P*4*3m*11*4K*15*:P*4*0*90*:r*30*0*74*3j0*30*3d0*29*3d0*29*3d*2*0*28*3d03d0*27*3d0*2*3d0*26*3d0*3*3d0*25*3d0*2*3d03d0*24*3d03d0*3*3d0*23*3d*2*0*5*3d0*22*3d03d0*5*3d0*21*3d0*2*3d0*3*3d03d0*20*3d0*3*3d03d0*3*3d0*19*3d0*2*3d03d0*5*3d0*2*9F0*15*3d03d0*3*3d0*5*3d9F9>0*15*3d*2*0*5*3d0*4*9F3d9>0*15*3d0*5*3d03d0*2*9F9>*3*0*15*3d*2*0*3*3d0*3*3d9F9>*4*0*15*3d03d03d0*4*9F3d9>*4*0*15*3d0*2*3d0*4*9F9>*6*3d*11*37*3*03d*8*3m*7*3d*10*37*5*3d*8*3m*7*3d*11*37*4*3d*8*3m*7*0*29*8X0*29*8X0*29*8X0*29*8X0*28*8P8X0*27*8V8U8X0*26*8V8U8K8X0*26*8R8K*2*8X0*25*8P8K*3*8X0*25*8L8K*3*8X0*2*3d0*22*8L8K*3*8X0*3*3d0*21*8R8K*3*8X0*4*3d0*19*8O8K*4*8X3d*3*0*2*3d*18*3m*7*3d*23*3m*7*3d*23*3m*7*0*94*9F0*28*9F9>9d*24*3d0*2*9F9>*2*9d*24*3d09F9>*3*9d*24*3d9F9>*4*9d0*23*9y9>*4*9d*2*0*23*9y9>*3*9d09d0*23*9y9>*2*9d0*2*9d0*23*9y9>9d0*3*9d0*23*9y9d0*4*9d0*23*9y0*5*9d0*23*9y0*5*9d0*23*9y0*5*9d0*23*9y0*29*9y0*29*9y9d0*4*9d0*23*9y9>9d0*3*9d0*23*9y9>*2*9d0*2*9d0*23*9y9>*3*9d09d0*23*9y9>*4*9d*2*0*23*9y9E9>*4*9d0*23*9y09E9>*3*9d*24*3d0*2*9E9>*2*9d*24*3d0*3*9E9>9d*24*3d0*4*9E0*102*:r*13*0*29*9F0*28*9F9>0*27*9F9>*2*0*26*9F9>*2*9d0*25*9F9>*3*9d0*24*9F9>*4*9d0*23*9F9>*5*9d0*22*9F9>*6*9d0*23*9E9>*5*9d0*24*9E9>*4*9d0*25*9E9>*3*9d0*26*9E9>*2*9d0*27*9E9>*2*0*28*9B9>0*29*9E0*300*~1,32,840,0,0,Right|71,-40,888,Right,0,9,20,19,7,0|43,640,870|145,464,856,1,0|3,4672,256|39,464,864,880,854,1|43,1376,839|43,2112,834|60,815,848,1|18,1040,880,10,0|44,1704,712,0,0,16,7,1,0.1,3,3,1|44,1848,712,0,0,16,70,1,0.1,3,3,1|44,1800,712,0,0,16,7,1,0.1,3,3,1|44,1752,712,0,0,16,7,1,0.1,3,3,1|44,1896,712,0,0,16,70,1,0.1,3,3,1|18,888,696,2,0|18,968,672,2,-55|18,1120,592,2,25|18,1152,680,2,-25|18,936,536,2,-35|18,1560,744,0,95|71,1959,852,Left,0,9,0,0,8,0|18,870,398,4,-15|19,1005,284,2,0|19,1275,245,-2,0|71,792,464,Right,0,9,0,0,8,0|3,832,824|3,128,800|3,1920,600|3,832,736|3,840,360|3,1152,128|15,1949,138|45,1872,288,0,100,100,64,92,0,0,0|4,1944,112|40,1648,112,2384,888|42,1680,152,1,90|41,1608,144,1,315|41,1600,128,1,0|41,1624,152,1,90|41,1600,96,1,0|41,1600,64,1,0|41,1600,32,1,0|41,1600,0,1,0|41,1600,-32,1,0|43,2816,840|43,3552,825|40,2384,888,1696,152|18,2272,704,-2,0|18,2272,575,-2,90|18,2272,448,-2,0|19,2432,320,2,90|19,2432,320,2,0|19,2560,320,-2,35|19,2560,320,-2,-55|38,2528,416,0,146,50|38,2496,416,0,48,25|38,2656,416,0,48,399|38,2688,416,0,96,25|38,2688,840,180,48,25|71,3072,884,Left,55,9,0,0,8,0|71,3328,885,Left,15,9,0,0,8,0|37,3320,304,15,-20|15,3032,200|19,2928,192,2,5|3,2968,232|28,3376,100,1,0|39,3376,96,4496,864,3|71,3400,144,Left,0,9,0,0,8,0|43,4256,851|43,4992,778|103,4568,856,1,0|103,4616,816,1,0|103,4656,784,1,0|103,4720,768,1,0|103,4824,720,1,0|103,4784,752,1,0|103,4760,752,1,0|38,4704,800,0,96,1|30,4448,672,1,0|30,4504,672,1,0|30,4560,672,1,0|71,4432,664,Left,90,9,10,0,8,0|71,4464,664,Left,90,9,10,5,8,0|71,4496,664,Left,90,9,10,3,8,0|71,4528,664,Left,90,9,10,6,8,0|71,4560,664,Left,90,9,10,8,8,0|29,4552,64,1,0|30,4448,64,1,0|30,4512,64,1,0|34,4496,64,1,0|18,4672,64,2,0|18,4672,64,-2,0|38,4768,56,0,90,25|38,4872,143,180,90,62|40,4848,120,5208,848|23,5344,736|22,5344,736|21,5344,736|20,5344,736|27,5384,544|9,5480,648,0,9,0,70,0,0,none,Up,0.5,80,23,Left,9,40,1|3,5232,112|3,5616,112|3,6160,624|39,5424,128,6160,896,4|39,6160,896,5424,104,4|40,5208,872,4848,80|42,4856,80,1,270|3,5664,864|2,5632,864|2,5600,864|2,5560,864|2,5504,864|39,4496,896,3376,64,3|6,32,128|74,3728,440,60|39,832,864,448,608,4|45,-48,712,90,999,100,64,92,0,0,0|73,1744,328,Fire%20is%20hot%2C%20don%27t%20touch%21|3,2464,576|3,2512,104|3,3776,392|73,3776,456,If%20you%20collected%2015%20red%20coins%2C%20%20press%20this%20button%20and%20go%20to%20the%20beginning%2E%0DYou%20have%2060%20seconds%2E%0D%2E%0D59%0D%2E%0D58%0D%2E%0D57%0D%2E%0D56|71,3792,520,Right,180,9,100,0,8,0|30,3680,864,1,0|39,3680,864,3848,448,3|2,3704,784|2,3712,792|2,3696,792|2,3704,792|2,3712,800|2,3696,800|2,3704,800|2,3704,808|43,5856,888|118,3728,488,1,0|118,3752,512,1,0|118,3800,528,1,0|118,3984,728,1,0|118,3864,600,1,0|118,3888,624,1,0|117,3968,568,1,0|117,4056,496,1,0|118,4152,560,1,0|118,3904,496,1,0|118,4088,680,1,0|118,4200,744,1,0|118,4080,816,1,0|114,3704,896,1,0|114,3664,896,1,0|115,3672,944,1,0|115,3712,944,1,0|105,4648,824,1,0~14~13~The%20Big%20Tower



castle

72x103~0*794*9d*23*0*76*9d*5*4T*20*9d*2*0*73*9d*4*4T*5*0*18*4T9d0*73*9d*2*4T*4*0*22*4T9d0*70*9d*4*4T*2*0*25*4T9d*2*0*67*9d*3*4T*4*0*26*4T9d*2*0*43*9d*2*0*5*9d*2*0*13*9d*3*4T*3*0*29*4T9d0*44*9d*2*0*4*9d*2*0*13*9d*2*4T*3*0*31*4T9d0*44*9d*3*0*2*9d*3*0*12*9d*2*4T*2*0*33*4T9d*2*0*43*9d4T9d0*2*9d4T9d0*4*9d*2*0*6*9d4T*2*0*34*4T9d*2*0*43*9d4T9d0*2*9d4T9d0*3*9d*2*0*6*9d*2*4T0*35*4T9d0*38*9d0*5*9d4T9d09d*2*4T9d0*3*9d*2*0*6*9d4T*2*0*35*4T9d0*38*9d*2*0*4*9d4T9d*3*4T*2*9d0*2*9d*3*0*6*9d4T0*36*4T9d*2*0*37*9d*3*0*3*9d4T*2*9d4T*2*9d*2*09d*3*0*7*9d4T0*35*:l4T9d*2*0*37*9d*4*0*2*9d4T*2*9d4T*2*9d09d*4*0*7*9d4T0*35*8<4T9d0*39*9d*4*09d4T*2*9d4T*2*9d*3*4T9d0*8*9d4T0*35*8<4T9d0*40*9d*5*4T*8*9d*5*09d*5*4T0*35*8<4T9d*2*0*34*9d*3*0*3*9d*2*4T9d4T0*6*4T*5*9d*3*4T*2*9d4T*2*0*35*8<4T9d*2*0*34*9d4T9d*3*0*2*9d4T*3*0*10*4T*6*9d4T0*36*8<4T9d0*35*9d*2*4T*2*9d*4*4T0*17*4T9d4T*2*0*35*8<4T9d0*36*9d*2*4T*6*0*17*4T9d*2*4T0*35*8<4T9d*2*0*36*9d*2*4T*2*0*20*4T*2*9d4T0*35*8<4T9d*2*0*37*9d*2*4T*3*0*19*4T9d4T0*35*8<4T9d0*34*9d0*4*9d*3*4T*2*0*18*4T*3*0*14*8<8=*21*4T9d0*34*9d*2*0*5*9d*2*4T*2*0*34*8<4T*3*0*17*8<4T9d*2*0*33*9d*3*0*5*9d*2*4T0*30*8<8=*4*4T9d4T0*17*8<4T9d*2*0*33*9d*4*0*5*9d4T0*34*8<4T9d4T0*17*8<4T9d0*35*9d4T9d*3*0*3*9d4T0*28*4T*4*0*2*8<4T9d4T0*17*8<4T9d0*35*9d4T*3*9d*5*4T0*28*4T9d*2*4T*5*9d4T*20*9d*2*0*34*9d4T*6*9d*2*4T0*28*4T*2*9d*29*0*34*9d*2*4T*2*0*2*4T*2*9d4T0*29*4T*2*9d*2*0*61*9d*2*4T*2*0*2*4T*3*0*30*4T*2*9d*2*0*61*9d*2*4T*4*0*33*4T*2*9d*2*0*61*9d*4*4T*4*0*30*8<4T*2*9d0*64*9d*4*4T*4*0*27*8<8=4T9d0*67*9d*4*4T*3*0*25*8<8=4T9d0*70*9d*3*4T0*3*4T*3*0*16*8=*4*4T*2*9d0*72*9d4T0*3*4T9d4T0*14*4T*7*9d*2*0*72*9d4T0*2*4T*2*9d4T*2*0*13*4T9d*2*4T9d*4*0*73*9d4T0*2*4T9d*3*4T0*13*4T*2*9d*3*0*76*9d4T0*2*4T9d09d4T0*6*4T*4*0*4*4T*2*9d0*77*9d4T0*2*4T9d09d4T0*6*4T9d*2*4T*3*0*3*4T9d0*77*9d4T0*2*4T9d09d4T0*6*4T*2*9d*3*4T*2*04T*2*9d0*77*9d4T0*2*4T9d09d4T0*7*4T*3*9d*2*4T*3*9d*2*0*77*9d4T0*2*4T9d09d4T0*9*4T*2*9d4T*2*9d*2*0*78*9d4T0*2*4T9d09d4T*2*0*9*4T9d*2*4T9d0*79*9d4T0*2*4T9d09d*2*4T0*9*4T*2*9d*3*0*79*9d4T0*2*4T9d0*2*9d4T0*9*4T9d*2*0*81*9d4T0*2*4T9d0*2*9d4T04T*3*0*4*4T*2*9d0*82*9d4T0*2*4T9d0*2*9d4T*3*9d4T*2*0*2*4T*2*9d*2*0*82*9d4T04T*2*9d0*2*9d*2*4T*2*9d*2*4T*4*9d*2*0*83*9d4T*3*9d*2*0*3*9d4T*3*9d*5*0*85*9d4T*2*9d*2*0*4*9d4T04T*2*9d0*88*9d4T*2*9d0*5*9d4T0*2*4T9d0*88*9d4T*2*9d0*5*9d4T04T*2*9d0*88*9d4T*2*9d0*5*9d4T04T9d*2*0*88*9d4T9d*2*0*5*9d4T*3*9d0*89*9d4T9d0*6*9d*2*4T9d*2*0*89*9d4T9d0*7*9d*3*0*90*9d4T9d0*100*9d*3*0*100*9d*2*0*101*9d*2*0*101*9d*2*0*101*9d0*61*~1,352,2912,0,0,Right|18,384,2848,2,0|18,664,2520,2,0|3,896,2608|18,848,2640,2,0|18,616,2664,2,0|41,1772,1860,1,0|18,792,2368,2,0|44,384,2704,0,12,16,7,1,0.1,3,30,1|3,320,2752|3,448,2752|3,288,2496|42,1072,2904,1,270|41,1153,2897,1,45|41,1160,2880,1,0|41,1160,2848,1,0|41,1160,2816,1,0|41,1160,2784,1,0|41,1160,2752,1,0|41,1160,2720,1,0|41,1160,2688,1,0|41,1160,2656,1,0|41,1160,2624,1,0|41,1161,2569,1,45|41,1160,2592,1,0|41,1183,2547,1,45|41,1190,2530,1,0|41,1176,2554,1,45|41,1170,2560,1,45|41,1145,2905,1,45|41,1190,2498,1,0|41,1190,2466,1,0|41,1190,2435,1,0|41,888,2272,1,0|41,1190,2372,1,0|41,1190,2340,1,0|41,1190,2308,1,0|41,1190,2276,1,0|41,1190,2244,1,0|42,1213,2768,1,90|73,1376,1440,There%20are%2013%20red%20coins%2C%20am%20I%20right%3F|42,1024,2408,0,180|41,1184,2216,1,325|41,1190,2250,1,0|41,1168,2193,1,325|42,1025,2112,0,270|3,1248,2080|3,1520,2000|3,1720,1840|41,1536,1952,1,315|42,1456,1880,0,250|3,1744,1616|41,1728,1720,1,0|41,1735,1703,1,45|41,1728,1752,1,0|41,1728,1784,1,0|41,1728,1728,1,0|41,1735,1802,1,315|41,1728,1776,1,0|41,1757,1824,1,315|41,912,2296,1,90|41,895,2289,1,315|41,922,2296,1,90|41,888,2262,1,0|40,888,2216,1240,2768|41,1190,2404,1,0|40,1672,1864,1440,1888|40,1904,1688,1752,1392|41,1984,1664,1,45|42,1880,1648,1,90|42,1360,2056,0,180|41,1367,2014,1,45|42,1360,2032,0,270|42,1407,1974,1,45|40,1576,1776,1904,1664|42,1577,1775,1,5|42,1168,984,0,180|40,288,2920,928,1656|40,1200,1032,497,2925|42,512,2937,0,300|42,796,1573,1,15|42,928,1664,1,340|41,896,1304,1,0|41,896,1112,1,0|41,896,1144,1,0|41,896,1176,1,0|41,896,1208,1,0|41,896,1240,1,0|41,896,1272,1,0|41,883,1328,1,90|40,848,1264,1168,1008|41,848,1304,1,0|42,928,1328,1,90|41,872,1328,1,90|41,855,1321,1,315|3,1952,1648|3,1808,1360|3,1184,1008|41,848,1298,1,0|41,883,1328,1,90|3,816,1136|41,898,1083,1,10|41,896,1113,1,0|41,906,1055,1,20|41,768,1808,1,0|41,768,1840,1,0|41,768,1872,1,0|41,768,1904,1,0|41,768,1936,1,0|41,762,1953,1,45|41,768,1927,1,0|41,637,2004,1,90|41,669,2004,1,90|41,740,1975,1,45|41,605,2004,1,90|41,701,2004,1,90|41,573,2004,1,90|41,541,2004,1,90|41,718,1997,1,45|41,690,2004,1,90|41,768,1776,1,0|42,484,2018,0,250|42,478,1987,0,290|41,532,2004,1,90|41,511,1999,1,110|41,543,2004,1,90|41,568,1796,1,30|41,548,1732,1,45|41,582,1732,0,315|41,565,1725,1,90|41,588,1738,0,315|41,543,1737,1,45|40,1552,1384,476,1955|40,1472,1384,1024,2440|40,1688,1384,944,1328|42,1088,1192,0,180|40,1624,1384,1088,1224|2,640,1848|2,640,1856|2,640,1864|2,632,1856|2,632,1864|2,648,1856|2,648,1864|2,640,1872|6,1024,2816|40,1024,2888,1240,2768|3,1312,1376~11~13~Bowser%27s%20lava%20transport%20castle
